19
94.09577411105529 2.5851571042163592
66.33240447420015 0.7705060991482324
29.962519676706965 -0.3216505537926788
45.40274612498234 1.9981466663419742
71.99210670830576 -1.7343184788116017
66.41787589948089 -2.5123473681335358
82.37079993750693 -2.6475779899112317
79.26745839643941 1.7827495261038764
83.11869940456981 1.0377245974165135
19.437955060444047 0.8103460690219397
61.754427385956156 0.24389173145520138
52.45807116896563 -1.237734939508936
67.67668053823428 -1.9888660179371953
80.77456290235565 -1.3921233893717142
47.56013771144126 -0.8553193234841479
38.17475695150501 0.37963829587190645
52.18365281648048 -0.2830622760696908
44.90444307462806 -2.483630363456907
56.090696025746915 -1.7962217087577905