17
46.938269300694 -0.3579005177133814
6.238977839553737 -2.50597949189652
20.450006580816655 2.506329761837884
7.781990417043659 2.1673126830735154
21.784016515434942 0.5715888778949636
61.164758216570824 -1.3846735895964595
69.31454876425884 -1.0834620214490878
35.31830985167814 -0.9281160357898521
55.34906266673082 -2.5328566947811364
22.255058488580623 -1.3116596162630296
6.627185913406807 1.2366830789425198
52.72331546415448 1.8855310800748302
27.246114067310344 2.7267481601867085
6.637162148726426 1.0438392004578643
50.95406008986319 2.1152090968640365
93.70608177030651 2.3957596611272858
51.11468290498717 2.734748894634571