165 -114 59 -45 -11 62
41
0 -397.51192906950416 660.9312407291 -234.76474005231057 -115.87565454570199 1253.4567048950992 436.6783052792864
1 -399.2769545641985 785.0842253193546 218.13908781181522 -376.70691743727593 1468.0462571530102 1122.687923098009
2 801.3798353031693 -507.17684623217997 -397.80690542291234 1299.4950092373474 -306.222839848833 -368.0718610006294
3 742.5992243263267 -211.44828093673527 -628.4727067376308 1216.3444895824518 -85.88049775452846 -227.8668257021252
4 -878.5833383137143 65.68466660037552 -300.93004343272355 68.76001187271072 231.24383275251049 -216.20690106291332
5 -676.2716829832367 697.5720271221894 -790.0542583818697 -124.34858538209119 1610.5086072940971 -475.81181086392087
6 -261.61658003015884 -577.2899753399479 -569.1626519303645 63.33474531133595 414.500720438915 -386.25710095796103
7 -25.47327003742737 -801.1171006117181 -624.0135691713815 317.5401897525355 -356.1136080674625 -320.37305930996183
8 -61.98534002121755 -164.56241704502952 -22.714327962107177 250.5732574743992 232.86831812300522 418.67659784767324
9 -374.72566169351956 -472.74117197077123 -596.0342691425183 84.7357654010342 235.76117081396274 -490.6690392693859
10 44.16917611848953 -869.0604647281235 -202.51121903517787 382.68505112346764 -55.29505798412754 728.4297514849169
11 -745.3051080773276 -98.17534233945287 494.91269483682777 224.61504396478972 309.03857993409815 1437.5983597431255
12 -786.7491460067066 229.1576510938096 692.6664632689103 -492.632062487249 883.1513540687139 1319.5608486855142
13 -89.54881956868155 351.8783352654791 -187.3741819276879 670.4533562301535 1115.8079591335295 -53.403850746175635
14 287.7121941540156 -444.53533333722373 306.0431738541354 1024.5416592174581 393.96474214068337 952.7449120703965
15 561.5191923964549 239.1854958266315 -899.7837218776336 1303.139132599702 1232.6052523859764 -662.7103461014362
16 393.0524273821063 -357.02342962481646 -120.05575819012734 721.4707930458069 176.76113051734842 135.18131240623924
17 -167.92402265685234 -965.0786899061301 -683.8264052647885 519.3990739970059 -417.34955154602756 103.4314568070813
18 -730.6121624710643 -7.619174143960663 803.0835054954762 141.68152987229985 663.5451642525986 1179.128263825468
19 -111.06773361429805 777.2266879986428 691.6130832596489 173.85231999700727 1094.0568328899585 1571.2954501134898
20 -240.12766578414403 -206.80588082096472 -7.413094666188158 409.65586588617896 361.07569179536165 772.2521554137315
21 551.9432481833107 794.7150511535715 517.8724115964756 747.4130347019461 1341.8142724965164 579.3742645874446
22 713.2430320706555 633.764753413778 748.1341624610054 784.8379186158173 1481.517790545387 764.1429042628713
23 658.1649316233793 931.9036474444911 -431.44895564743615 676.1868501540936 1233.9097624928536 185.01846779540483
24 48.85600400299563 497.4871312444882 873.2405402153934 189.3234378607874 537.9523343094905 1183.199904859835
25 -67.1133516415805 -597.8798282474089 522.0459853371726 166.62973702883207 -587.2228680731049 892.021652409781
26 555.2587261830481 -997.5298243360231 -333.74947934524516 824.9487238411896 -526.2066448689702 224.40895923077755
27 618.7980372634204 -76.1490435211656 273.6258923469088 672.7396583072465 779.2106452462059 1219.683847061756
28 -832.0358686703953 140.5290247001567 48.08644871911065 -166.41239072171527 184.35028266075904 339.5851539992088
29 596.8726178203658 582.6536893131497 871.4146492608625 676.3388454725475 1576.283012405052 1208.696996938648
30 143.5840200548164 -552.107640426349 -907.3357229035344 1129.986461054799 -369.6442165505716 -503.13078206367595
31 805.3418380680425 774.7952984305839 -128.6078752815547 1431.5739103590613 1393.0799170423834 -88.58808142830378
32 232.1771538527646 -732.4124019137118 764.5283176690202 572.7247593690433 131.42822998680856 1215.9526115736846
33 694.8480816075507 -993.9434622102215 -599.9323831217966 1305.0063060191849 -716.89262658695 -290.29144261122696
34 19.978715312130475 403.93479115297123 -833.6916769356861 640.0372876977156 1078.5767311716158 -182.14410741844154
35 972.3877197039064 191.7119316961514 -536.0797236836474 1921.4705566708394 885.2158275045238 -272.9231480410531
36 753.2070130713128 459.6278716062686 -402.84049633956795 1410.557790659142 711.5936461555564 -358.947670589602
37 476.1003228523507 -786.2090172440153 722.176489143116 1302.5995058252224 63.205011925567305 1111.3654774082183
38 756.3174573054093 -420.9340936532873 819.1202041194283 1015.4137165254193 -215.42342529584207 1253.59514465987
39 734.3436384859294 -642.9910256431729 -992.5586721114225 924.5110233297476 -433.3503680844002 -704.0923353947567
40 -479.81776688242155 -364.4774680952762 -497.75682414003677 -202.14560869844877 88.3437106047922 -109.61711450703314
