-46 -123 106 14 94 -45
12
0 -399.3908041419869 -124.3021155168102 -501.14678533633804 40.802183097458965 738.6389888839767 -341.12784338748935
1 78.34436356659376 832.4010289025307 -362.4766464857421 792.137289654158 1202.437037359002 412.29535040824965
2 -762.1450996181779 915.608671132441 997.8970447746751 -743.7790002322344 1775.6073748813226 1161.6311017110584
3 -774.005724557481 608.3350158104645 257.51238830373836 -371.4336073007843 915.5048000084948 1255.446449170954
4 -374.84297020199506 -253.89011396582453 375.41351549839305 207.2282520629284 102.70588312345313 1069.346066244483
5 14.029738382622895 623.073975210792 -264.60968581410134 738.7916417496396 690.9692318501372 -121.9316664765361
6 309.7280491866261 413.51831902208005 -147.4522655333916 1125.8102738642328 1016.6997484774937 186.08542391348124
7 249.24680437783445 -6.009060458928275 923.6235840699899 821.8531923342514 597.4515353980312 1571.3273304058318
8 -288.9395550570839 569.9689937208784 472.0030880559161 -162.5773736410569 796.1223918568977 547.2781597092347
9 61.62155404919031 325.6148229857945 -771.3589331898702 147.8196346155667 810.9747126069706 -4.719898393738731
10 678.435569373335 927.3270336169649 -643.112680186809 1226.8646527921205 1671.0368796634534 221.51665551771407
11 71.31417480472737 41.6450836487154 234.83204295091582 738.0625586529918 178.91058851825755 1123.1470741276912
