-114 25 -27 -138 -34 -130
15
0 -991.9651955363455 -662.0183408640833 -855.186955553183 -517.7327179882961 141.04475338126326 -775.1262559889669
1 -320.49103025448517 699.443323070132 -620.3544312068316 492.86283711036674 1677.6526530778228 -374.30349821474806
2 -398.46427893287296 -106.11460070322903 534.9449370424859 467.26725749473474 608.5706985575039 1455.4152997999818
3 -513.251609014602 222.30998908407514 408.62648997992596 429.4056253680693 1114.1888257468927 1175.3033128241786
4 421.95420575321145 -574.5104123328208 184.29077807938188 1267.2059618865392 -356.01518986736903 486.0901472874897
5 -804.2602498093715 989.5205984741121 -455.2776831570136 66.52720329163697 1837.4133223119156 236.83828284080312
6 -215.74497237580783 944.9251605407471 -676.4147152302615 294.1915588997018 1616.9812425557711 -494.93334538874194
7 437.04400399381416 -513.6921717310419 -876.1745170481556 581.5705248845725 399.3640936554783 -290.39459633956244
8 -986.8482582642671 73.46327387789665 59.10952536845889 -800.0986309693722 724.8083138379355 577.0035464794621
9 868.6254644001926 -750.7383444567928 -623.5123931926148 966.9855247057083 -508.56026717992665 -398.07189400004717
10 -926.5568287172644 223.54706771511928 -121.05176227551897 -229.40347710023764 502.1604868503355 217.55651232776756
11 852.0754531176792 581.9628414813101 -541.9313776453116 1616.3822946203522 1359.3030303697997 180.91348558588902
12 931.2158671769143 -549.0527434951505 -514.2625056884663 1786.5329385243683 -360.36643672585865 96.74968647019944
13 -572.9404314810256 968.0578641147217 670.6248583766312 -293.57813909887386 1215.0516092619414 1517.5060624619482
14 -631.2605753164331 -810.5034635217671 100.22272305041702 -169.09843658730546 108.4036087901394 247.3760272401372
